demo <- 1 + 1 = 2